product_url,product_img
https://www.fahasa.com/ky-nang-giao-tiep-dinh-cao-tai-ban-2025.html?fhs_campaign=CATEGORY,https://cdn1.fahasa.com/media/catalog/product/b/_/b_a-1---k_-n_ng-giao-ti_p-_nh-cao-_t_i-b_n_.jpg
https://www.fahasa.com/con-duong-chinh-truc.html?fhs_campaign=CATEGORY,https://cdn1.fahasa.com/media/catalog/product/c/o/conduongchinhtruc-bia01.jpg
https://www.fahasa.com/how-to-quan-ly-hieu-qua-nguon-nhan-luc.html?fhs_campaign=CATEGORY,https://cdn1.fahasa.com/media/catalog/product/q/u/quan-ly-hieu-qua-nguon-nhan-luc---bia-1.jpg
https://www.fahasa.com/ho-so-tam-than-hoc.html?fhs_campaign=CATEGORY,https://cdn1.fahasa.com/media/catalog/product/h/o/ho-so-tam-than-hoc---bia-1.jpg
https://www.fahasa.com/thien-va-ac.html?fhs_campaign=CATEGORY,https://cdn1.fahasa.com/media/catalog/product/t/h/thien-va-ac-bia-1.jpg
https://www.fahasa.com/chua-lanh-tu-tam.html?fhs_campaign=CATEGORY,https://cdn1.fahasa.com/media/catalog/product/c/h/ch_a-l_nh-t_-t_m---b_a-1.jpg
https://www.fahasa.com/tac-pham-chon-loc-van-hoc-my-kazan.html?fhs_campaign=CATEGORY,https://cdn1.fahasa.com/media/catalog/product/k/a/kazan_bia.jpg
https://www.fahasa.com/tu-tay-luu-lai-nhung-khoanh-khac-dang-nho.html?fhs_campaign=CATEGORY,https://cdn1.fahasa.com/media/catalog/product/t/u/tu-tay-luu-lai-nhung-khoanh-khac-dang-nho_bia.jpg
https://www.fahasa.com/tan-lua-tap-2-tang-kem-postcard.html?fhs_campaign=CATEGORY,https://cdn1.fahasa.com/media/catalog/product/t/a/tan-lua_tap-2_tang-postcard.jpg
https://www.fahasa.com/tham-tu-lung-danh-conan-tap-105-ban-dac-biet-tang-kem-so-tay-thiet-ke-tao-hinh-nhan-vat.html?fhs_campaign=CATEGORY,https://cdn1.fahasa.com/media/catalog/product/t/h/tham-tu-lung-danh-conan_ban-dac-biet_tap-105_mockup-02.jpg
https://www.fahasa.com/tham-tu-lung-danh-conan-tap-105-604479.html?fhs_campaign=CATEGORY,https://cdn1.fahasa.com/media/catalog/product/t/h/tham-tu-lung-danh-conan_bia_tap-105.jpg
https://www.fahasa.com/gia-dinh-hu-nam-tap-6.html?fhs_campaign=CATEGORY,https://cdn1.fahasa.com/media/catalog/product/b/_/b_a-gia-_nh-h_-nam-6.jpg
https://www.fahasa.com/gia-dinh-hu-nam-tap-6-tang-kem-quat-giay-cam-tay.html?fhs_campaign=CATEGORY,https://cdn1.fahasa.com/media/catalog/product/t/b/tbph-san.jpg
https://www.fahasa.com/tim-minh-trong-the-gioi-hau-tuoi-tho-604406.html?fhs_campaign=CATEGORY,https://cdn1.fahasa.com/media/catalog/product/8/9/8938539539482.jpg
https://www.fahasa.com/tuyen-tap-de-kiem-tra-mon-ngu-van-8.html?fhs_campaign=CATEGORY,https://cdn1.fahasa.com/media/catalog/product/8/9/8935092835068.jpg
https://www.fahasa.com/quoc-hoi-trong-tien-trinh-doi-moi-dap-ung-yeu-cau-xay-dung-hoan-thien-nha-nuoc-phap-quyen-xa-hoi-chu-nghia-viet-nam.html?fhs_campaign=CATEGORY,https://cdn1.fahasa.com/media/catalog/product/8/9/8935279166985.jpg
https://www.fahasa.com/quen-hom-qua-song-cho-ngay-mai-kho-nho.html?fhs_campaign=CATEGORY,https://cdn1.fahasa.com/media/catalog/product/8/9/8935086858899.jpg
https://www.fahasa.com/bo-sach-giao-duc-gioi-tinh-bo-10-quyen-tai-ban-2024.html?fhs_campaign=CATEGORY,https://cdn1.fahasa.com/media/wysiwyg/HONG_KD/Frame_ncc_2025/FrameNCC_tanviet.png
https://www.fahasa.com/fear-so-hai-tai-ban-2024.html?fhs_campaign=CATEGORY,https://cdn1.fahasa.com/media/catalog/product/f/r/frear---so-hai---bia-1-_tb-2025_png.jpg
https://www.fahasa.com/ehon-thuc-pham-tam-hon-cho-be-tien-len-xe-cuu-hoa-tai-ban-2024.html?fhs_campaign=CATEGORY,https://cdn1.fahasa.com/media/catalog/product/6/_/6.u5430.d20171025.t164718.999_2.jpg
https://www.fahasa.com/van-hoc-trong-nha-truong-ha-noi-bam-sau-pho-phuong-tai-ban-2024.html?fhs_campaign=CATEGORY,https://cdn1.fahasa.com/skin/frontend/ma_vanese/fahasa/images/ring_loader.gif
https://www.fahasa.com/marugoto-ngon-ngu-va-van-hoa-nhat-ban-nhap-mon-a1-hoat-dong-giao-tiep-tai-ban-2024.html?fhs_campaign=CATEGORY,https://cdn1.fahasa.com/skin/frontend/ma_vanese/fahasa/images/ring_loader.gif
https://www.fahasa.com/shin-cau-be-but-chi-truyen-dai-tap-21-bon-chang-hiep-si-cua-vuong-quoc-ve-voi.html?fhs_campaign=CATEGORY,https://cdn1.fahasa.com/skin/frontend/ma_vanese/fahasa/images/ring_loader.gif
https://www.fahasa.com/tham-tu-lung-danh-conan-tap-10-ban-nang-cap-tang-kem-bookmark.html?fhs_campaign=CATEGORY,https://cdn1.fahasa.com/skin/frontend/ma_vanese/fahasa/images/ring_loader.gif
