product_url,product_img
https://www.fahasa.com/nghiep-tinh-yeu-karma-of-love-tai-ban-2021.html?fhs_campaign=CATEGORY,https://cdn1.fahasa.com/media/catalog/product/n/g/nghiep-tinh-yeu_11.2021-bia-1.jpg
https://www.fahasa.com/day-con-kieu-nhat-giai-doan-1-tuoi-tai-ban-2021.html?fhs_campaign=CATEGORY,https://cdn1.fahasa.com/media/catalog/product/i/m/image_244718_1_4795.jpg
https://www.fahasa.com/thoi-quen-tot-cua-nhung-dua-tre-cham-ngoan-kien-cuong-lam-toi-manh-me.html?fhs_campaign=CATEGORY,https://cdn1.fahasa.com/media/catalog/product/i/m/image_244718_1_4792.jpg
https://www.fahasa.com/thoi-quen-tot-cua-nhung-dua-tre-cham-ngoan-minh-khong-nong-gian.html?fhs_campaign=CATEGORY,https://cdn1.fahasa.com/media/catalog/product/i/m/image_244718_1_4791.jpg
https://www.fahasa.com/thoi-quen-tot-cua-nhung-dua-tre-cham-ngoan-minh-hoc-cach-cho-va-nhan.html?fhs_campaign=CATEGORY,https://cdn1.fahasa.com/media/catalog/product/i/m/image_244718_1_4788.jpg
https://www.fahasa.com/cau-chuyen-nho-y-nghia-lon-382298.html?fhs_campaign=CATEGORY,https://cdn1.fahasa.com/media/catalog/product/i/m/image_244718_1_4784.jpg
https://www.fahasa.com/sach-am-thanh-am-thanh-cuoc-song-quanh-em-tai-ban.html?fhs_campaign=CATEGORY,https://cdn1.fahasa.com/media/wysiwyg/HONG_KD/Frame_ncc_2025/FrameNCC__inhTi.png
https://www.fahasa.com/cho-em-lon-nhe-duoc-khong-tai-ban.html?fhs_campaign=CATEGORY,https://cdn1.fahasa.com/media/wysiwyg/HONG_KD/Frame_ncc_2025/FrameNCC__inhTi.png
https://www.fahasa.com/bo-sach-sach-song-ngu-boi-duong-tam-ly-tri-tue-cho-tre-bo-4-cuon.html?fhs_campaign=CATEGORY,https://cdn1.fahasa.com/media/wysiwyg/HONG_KD/Frame_ncc_2025/FrameNCC__inhTi.png
https://www.fahasa.com/hoi-dap-ve-nhung-su-vat-than-quen.html?fhs_campaign=CATEGORY,https://cdn1.fahasa.com/media/wysiwyg/HONG_KD/Frame_ncc_2025/FrameNCC__inhTi.png
https://www.fahasa.com/hoi-dap-ve-hanh-trinh-em-be-ra-doi.html?fhs_campaign=CATEGORY,https://cdn1.fahasa.com/media/wysiwyg/HONG_KD/Frame_ncc_2025/FrameNCC__inhTi.png
https://www.fahasa.com/hoi-dap-ve-co-the-nguoi.html?fhs_campaign=CATEGORY,https://cdn1.fahasa.com/media/wysiwyg/HONG_KD/Frame_ncc_2025/FrameNCC__inhTi.png
https://www.fahasa.com/hoi-dap-ve-bong-da.html?fhs_campaign=CATEGORY,https://cdn1.fahasa.com/media/wysiwyg/HONG_KD/Frame_ncc_2025/FrameNCC__inhTi.png
https://www.fahasa.com/gieo-hat-giong-thuong-yeu-me-yeu-con-mai-mai.html?fhs_campaign=CATEGORY,https://cdn1.fahasa.com/media/wysiwyg/HONG_KD/Frame_ncc_2025/FrameNCC__inhTi.png
https://www.fahasa.com/gieo-hat-giong-thuong-yeu-me-yeu-moi-thu-o-con.html?fhs_campaign=CATEGORY,https://cdn1.fahasa.com/media/wysiwyg/HONG_KD/Frame_ncc_2025/FrameNCC__inhTi.png
https://www.fahasa.com/gieo-hat-giong-thuong-yeu-be-con-ngot-ngao-cua-me.html?fhs_campaign=CATEGORY,https://cdn1.fahasa.com/media/wysiwyg/HONG_KD/Frame_ncc_2025/FrameNCC__inhTi.png
https://www.fahasa.com/gieo-hat-giong-thuong-yeu-muoi-ngon-chan-nho-xinh.html?fhs_campaign=CATEGORY,https://cdn1.fahasa.com/media/wysiwyg/HONG_KD/Frame_ncc_2025/FrameNCC__inhTi.png
https://www.fahasa.com/gieo-hat-giong-thuong-yeu-minh-quy-ban-nhuong-nao.html?fhs_campaign=CATEGORY,https://cdn1.fahasa.com/media/wysiwyg/HONG_KD/Frame_ncc_2025/FrameNCC__inhTi.png
https://www.fahasa.com/gieo-hat-giong-thuong-yeu-minh-la-anh-trai-day-nhe.html?fhs_campaign=CATEGORY,https://cdn1.fahasa.com/media/wysiwyg/HONG_KD/Frame_ncc_2025/FrameNCC__inhTi.png
https://www.fahasa.com/gieo-hat-giong-thuong-yeu-minh-la-chi-gai-roi-nhe.html?fhs_campaign=CATEGORY,https://cdn1.fahasa.com/media/wysiwyg/HONG_KD/Frame_ncc_2025/FrameNCC__inhTi.png
https://www.fahasa.com/ky-nang-song-danh-cho-hoc-sinh-biet-tran-trong-loai-cay-dang-nhat-nhung-no-hoa-thom-nhat.html?fhs_campaign=CATEGORY,https://cdn1.fahasa.com/media/wysiwyg/HONG_KD/Frame_ncc_2025/FrameNCC__inhTi.png
https://www.fahasa.com/bay-kieu-nguoi-toi-gap-trong-hieu-sach.html?fhs_campaign=CATEGORY,https://cdn1.fahasa.com/media/wysiwyg/HONG_KD/Frame_ncc_2025/FrameNCC_tanviet.png
https://www.fahasa.com/lich-van-nien-viet-nam-the-ky-xxi-2001-2100-tai-ban-2021.html?fhs_campaign=CATEGORY,https://cdn1.fahasa.com/skin/frontend/ma_vanese/fahasa/images/ring_loader.gif
https://www.fahasa.com/muu-su-tai-nhan-tai-ban-2021.html?fhs_campaign=CATEGORY,https://cdn1.fahasa.com/skin/frontend/ma_vanese/fahasa/images/ring_loader.gif
